0
-0.03701313
-0.018506565
0.018506565
-0.018506565
-0.092532825
-0.14805252
-0.22207878
-0.314611605
-0.351624735
-0.314611605
-0.240585345
-0.14805252
-0.03701313
0.092532825
0.240585345
0.33311817
0.425650995
0.462664125
0.40714443
0.33311817
0.240585345
0.166559085
0.18506565
0.29610504
0.351624735
0.22207878
-0.055519695
-0.25909191
-0.33311817
-0.351624735
-0.351624735
-0.277598475
-0.092532825
0.11103939
0.240585345
0.240585345
0.18506565
0.25909191
0.388637865
0.51818382
0.51818382
0.3701313
0.11103939
-0.29610504
-0.536690385
-0.55519695
-0.536690385
-0.62922321
-0.758769165
-0.758769165
-0.462664125
-0.055519695
0.22207878
0.388637865
0.462664125
0.3701313
0.25909191
0.29610504
0.388637865
0.33311817
0.055519695
-0.18506565
-0.29610504
-0.388637865
-0.462664125
-0.40714443
-0.18506565
-0.055519695
-0.055519695
-0.03701313
0.055519695
0.18506565
0.25909191
0.314611605
0.22207878
0.03701313
-0.240585345
-0.425650995
-0.536690385
-0.66623634
-0.77727573
-0.758769165
-0.66623634
-0.573703515
-0.40714443
-0.14805252
0.055519695
0
-0.277598475
-0.44415756
-0.499677255
-0.48117069
-0.388637865
-0.22207878
0.055519695
0.277598475
0.3701313
0.29610504
0.11103939
0.018506565
0
0.03701313
0.055519695
0.03701313
0.03701313
0.07402626
0.22207878
0.44415756
0.573703515
0.70324947
0.7402626
0.573703515
0.092532825
-0.314611605
-0.388637865
-0.388637865
-0.462664125
-0.684742905
-0.96234138
-1.14740703
-1.22143329
-1.239939855
-1.276952985
-1.22143329
-1.07338077
-0.869808555
-0.758769165
-0.7402626
-0.7402626
-0.721756035
-0.684742905
-0.66623634
-0.62922321
-0.573703515
-0.499677255
-0.462664125
-0.40714443
-0.388637865
-0.25909191
0.07402626
0.684742905
1.33247268
1.62857772
1.66559085
1.536044895
1.29545955
0.980847945
0.795782295
0.70324947
0.684742905
0.70324947
0.77727573
0.92532825
1.03636764
1.128900465
1.128900465
0.92532825
0.129545955
-0.88831512
-1.536044895
-1.758123675
-1.758123675
-1.758123675
-1.73961711
-1.73961711
-1.73961711
-1.81364337
-1.88766963
-1.980202455
-1.99870902
-1.980202455
-1.721110545
-1.25844642
-0.943834815
-0.88831512
-0.96234138
-1.1103939
-1.33247268
-1.59156459
-1.77663024
-1.92468276
-1.980202455
-1.88766963
-1.55455146
-0.943834815
-0.203572215
0.536690385
1.350979245
2.07273528
2.44286658
2.29481406
1.36948581
-0.44415756
-1.387992375
-1.55455146
-1.62857772
-1.499031765
-0.99935451
0
0.59221008
0.62922321
0.462664125
0.22207878
-0.018506565
-0.277598475
-0.536690385
-0.81428886
-0.980847945
-0.906821685
-0.684742905
-0.240585345
0.277598475
0.92532825
1.62857772
2.091241845
2.017215585
0.81428886
-0.610716645
-1.18442016
-1.239939855
-0.869808555
-0.03701313
0.721756035
0.906821685
0.55519695
-0.129545955
-0.96234138
-1.59156459
-1.684097415
-1.350979245
-0.99935451
-0.832795425
-0.81428886
-0.77727573
-0.44415756
0.129545955
0.721756035
1.36948581
1.96169589
2.10974841
2.387346885
3.386701395
4.4415756
4.62664125
4.47858873
4.904239725
4.423069035
2.498386275
1.33247268
1.92468276
2.572412535
2.29481406
2.14676154
2.47987971
2.757478185
2.99806353
3.07208979
2.9610504
2.979556965
3.29416857
3.73832613
4.21949682
4.460082165
4.200990255
3.164622615
1.573058025
0.11103939
-0.425650995
0.03701313
0.721756035
1.091887335
1.07338077
0.684742905
-0.129545955
-0.88831512
-1.29545955
-1.36948581
-1.499031765
-1.647084285
-1.92468276
-2.29481406
-2.350333755
-2.03572215
-1.276952985
-0.314611605
0.55519695
0.832795425
0.55519695
0.11103939
-0.240585345
-0.51818382
-0.721756035
-0.869808555
-1.017861075
-1.18442016
-1.387992375
-1.55455146
-1.647084285
-1.62857772
-1.462018635
-1.22143329
-0.96234138
-0.610716645
0
0.795782295
1.128900465
0.81428886
0.25909191
-0.314611605
-0.869808555
-1.25844642
-1.44351207
-1.499031765
-1.387992375
-1.14740703
-0.906821685
-0.7402626
-0.62922321
-0.462664125
-0.14805252
0.33311817
0.81428886
1.499031765
2.07273528
2.47987971
2.73897162
2.81299788
2.55390597
2.07273528
1.59156459
1.25844642
1.14740703
1.22143329
1.51753833
1.99870902
2.5909191
3.07208979
3.349688265
2.92403727
2.091241845
1.07338077
0.18506565
-0.3701313
-0.943834815
-1.36948581
-1.536044895
-1.536044895
-1.51753833
-1.425005505
-1.25844642
-0.99935451
-0.832795425
-0.96234138
-1.387992375
-1.88766963
-2.239294365
-2.387346885
-2.36884032
-2.128254975
-1.62857772
-1.03636764
-0.462664125
-0.055519695
0.18506565
0.22207878
0.03701313
-0.314611605
-0.7402626
-1.18442016
-1.59156459
-1.8506565
-1.906176195
-1.684097415
-1.091887335
-0.33311817
0.351624735
0.85130199
1.276952985
1.66559085
1.980202455
2.091241845
2.14676154
2.18377467
2.202281235
2.03572215
1.77663024
1.33247268
0.7402626
0.07402626
-0.62922321
-1.4805252
-2.03572215
-2.128254975
-2.03572215
-1.77663024
-1.4805252
-1.350979245
-1.55455146
-1.980202455
-2.313320625
-2.202281235
-1.62857772
-1.44351207
-1.44351207
-1.33247268
-1.165913595
-0.96234138
-0.795782295
-0.59221008
-0.240585345
0.29610504
0.795782295
1.03636764
1.054874205
0.85130199
0.499677255
0.18506565
0.03701313
0.03701313
0.462664125
1.03636764
1.499031765
1.70260398
1.462018635
1.017861075
0.70324947
0.610716645
0.721756035
0.85130199
0.92532825
0.92532825
0.77727573
0.573703515
0.314611605
0.18506565
0.25909191
0.462664125
0.66623634
0.869808555
0.81428886
0.610716645
0.425650995
0.240585345
0.03701313
-0.07402626
0
0.240585345
0.40714443
0.48117069
0.499677255
0.66623634
0.77727573
0.62922321
0.240585345
-0.07402626
-0.14805252
0.092532825
0.29610504
0.18506565
-0.240585345
-0.906821685
-1.51753833
-2.091241845
-2.44286658
-2.646438795
-2.73897162
-2.720465055
-2.720465055
-2.757478185
-2.794491315
-2.757478185
-2.51689284
-1.869163065
-1.128900465
-0.88831512
-0.906821685
-0.943834815
-0.943834815
-0.647729775
0
0.22207878
0.18506565
0.203572215
0.25909191
0.388637865
0.55519695
0.81428886
1.18442016
1.59156459
1.81364337
2.03572215
2.07273528
1.573058025
0.536690385
-0.33311817
-0.77727573
-0.980847945
-0.99935451
-0.81428886
-0.684742905
-0.462664125
0.018506565
0.425650995
0.62922321
0.59221008
0.55519695
0.573703515
0.536690385
0.33311817
0
-0.610716645
-1.40649894
-2.03572215
-2.498386275
-2.77598475
-2.646438795
-2.202281235
-1.573058025
-0.943834815
-0.48117069
-0.07402626
0.44415756
0.81428886
0.77727573
0.610716645
0.40714443
0.129545955
-0.351624735
-0.96234138
-1.33247268
-1.59156459
-1.721110545
-1.610071155
-1.36948581
-1.14740703
-0.92532825
-0.684742905
-0.425650995
-0.240585345
-0.11103939
0.092532825
0.647729775
1.239939855
1.36948581
1.25844642
1.017861075
0.51818382
-0.018506565
-0.3701313
-0.499677255
-0.573703515
-0.351624735
0.129545955
0.62922321
0.99935451
1.091887335
1.03636764
0.96234138
0.869808555
0.832795425
0.795782295
0.92532825
1.239939855
1.55455146
1.62857772
1.536044895
1.536044895
1.536044895
0.62922321
-0.573703515
-1.906176195
-2.313320625
-1.36948581
0.166559085
1.017861075
0.277598475
-1.202926725
-1.99870902
-1.387992375
-0.203572215
0.40714443
0.129545955
-0.18506565
0.03701313
0.59221008
0.81428886
0.66623634
0.388637865
0.684742905
1.40649894
1.88766963
2.202281235
2.535399405
2.683451925
2.62793223
2.424360015
2.202281235
2.03572215
1.88766963
1.66559085
1.22143329
0.59221008
0.055519695
-0.22207878
-0.277598475
-0.166559085
0.055519695
0.22207878
0.11103939
-0.129545955
-0.40714443
-0.610716645
-0.721756035
-0.77727573
-0.721756035
-0.647729775
-0.499677255
-0.40714443
-0.44415756
-0.48117069
-0.795782295
-1.25844642
-1.536044895
-1.73961711
-1.906176195
-2.07273528
-2.03572215
-1.81364337
-1.499031765
-1.14740703
-0.62922321
0
0.48117069
0.7402626
0.906821685
0.906821685
0.721756035
0.573703515
0.684742905
1.03636764
1.59156459
2.14676154
2.572412535
2.77598475
2.720465055
2.2207878
1.62857772
1.054874205
0.62922321
0.425650995
0.425650995
0.536690385
0.536690385
0.314611605
-0.03701313
-0.462664125
-0.81428886
-0.980847945
-0.943834815
-0.721756035
-0.573703515
-0.758769165
-1.276952985
-1.59156459
-1.610071155
-1.573058025
-1.44351207
-1.313966115
-1.1103939
-0.92532825
-0.81428886
-0.795782295
-0.7402626
-0.59221008
-0.3701313
-0.14805252
-0.018506565
0.055519695
0.129545955
0.203572215
0.425650995
0.66623634
0.869808555
0.980847945
0.980847945
0.81428886
0.573703515
0.22207878
-0.18506565
-0.499677255
-0.59221008
-0.499677255
-0.277598475
-0.03701313
0.166559085
0.18506565
0.22207878
-0.07402626
-0.92532825
-1.536044895
-1.573058025
-1.499031765
-1.25844642
-0.85130199
-0.55519695
-0.62922321
-0.70324947
-0.66623634
-0.81428886
-1.091887335
-1.51753833
-2.03572215
-1.81364337
-0.88831512
-0.77727573
-1.536044895
-1.59156459
-0.48117069
0.240585345
-0.40714443
-1.36948581
-0.92532825
0.59221008
1.55455146
1.70260398
2.054228715
2.10974841
0.96234138
-0.44415756
-0.980847945
-0.99935451
-0.92532825
-0.203572215
0.40714443
-0.62922321
-2.128254975
-2.202281235
-2.03572215
-2.88702414
-3.053583225
-2.276307495
-2.091241845
-1.33247268
0.980847945
1.81364337
0.48117069
0.314611605
1.387992375
1.684097415
2.03572215
2.683451925
2.683451925
2.66494536
2.18377467
0.55519695
0.3701313
1.22143329
-0.129545955
-1.1103939
0.29610504
0.22207878
-1.25844642
-1.165913595
-1.536044895
-2.33182719
-0.29610504
1.88766963
1.03636764
0.3701313
1.462018635
1.36948581
0.092532825
0.610716645
1.943189325
1.462018635
-0.18506565
-1.054874205
-1.017861075
-0.7402626
-0.40714443
-0.240585345
-0.129545955
0.33311817
0.906821685
0.906821685
0.55519695
0.66623634
1.128900465
1.1103939
0.51818382
-0.07402626
0
0.48117069
0.59221008
0.203572215
-0.25909191
-0.388637865
-0.203572215
0.129545955
0.40714443
0.499677255
0.610716645
0.795782295
0.96234138
1.054874205
1.07338077
0.92532825
0.59221008
0.14805252
-0.29610504
-0.7402626
-1.03636764
-1.22143329
-1.40649894
-1.66559085
-1.8506565
-1.8506565
-1.647084285
-1.276952985
-1.03636764
-1.017861075
-1.202926725
-1.36948581
-1.425005505
-1.387992375
-1.202926725
-0.81428886
-0.351624735
0.166559085
0.758769165
1.33247268
1.8506565
2.202281235
2.313320625
2.25780093
2.128254975
1.832149935
1.462018635
1.03636764
1.054874205
1.313966115
1.33247268
1.33247268
1.25844642
1.03636764
0.7402626
0.40714443
0.11103939
-0.07402626
0.055519695
0.351624735
0.647729775
0.77727573
0.70324947
0.44415756
-0.03701313
-0.462664125
-0.66623634
-0.66623634
-0.573703515
-0.388637865
-0.29610504
-0.351624735
-0.758769165
-1.165913595
-1.536044895
-1.88766963
-2.202281235
-2.25780093
-2.128254975
-1.869163065
-1.44351207
-0.92532825
-0.3701313
0.11103939
0.3701313
0.44415756
0.388637865
0.29610504
0.29610504
0.51818382
0.758769165
1.03636764
1.350979245
1.499031765
1.499031765
1.387992375
1.18442016
0.980847945
0.795782295
0.721756035
0.70324947
0.7402626
0.7402626
0.70324947
0.55519695
0.462664125
0.48117069
0.55519695
0.59221008
0.573703515
0.55519695
0.425650995
0.14805252
-0.3701313
-0.77727573
-0.943834815
-1.017861075
-0.943834815
-0.70324947
-0.277598475
0.33311817
0.85130199
1.14740703
1.22143329
1.054874205
0.62922321
0.277598475
0.092532825
0.018506565
0.092532825
0.3701313
0.70324947
0.832795425
0.7402626
0.48117069
0.092532825
-0.314611605
-0.573703515
-0.7402626
-0.869808555
-0.96234138
-1.054874205
-1.239939855
-1.425005505
-1.647084285
-1.906176195
-2.239294365
-2.51689284
-2.757478185
-2.831504445
-2.77598475
-2.5909191
-2.33182719
-2.017215585
-1.721110545
-1.44351207
-1.202926725
-0.980847945
-0.81428886
-0.70324947
-0.536690385
-0.351624735
-0.277598475
-0.277598475
-0.240585345
-0.14805252
0
0.166559085
0.277598475
0.29610504
0.18506565
-0.03701313
-0.277598475
-0.462664125
-0.55519695
-0.499677255
-0.351624735
-0.14805252
0.07402626
0.203572215
0.25909191
0.314611605
0.40714443
0.573703515
0.70324947
0.795782295
0.906821685
0.99935451
1.017861075
0.92532825
0.758769165
0.462664125
0.22207878
0.129545955
0.129545955
0.25909191
0.536690385
0.85130199
1.22143329
1.610071155
1.92468276
2.14676154
2.239294365
2.29481406
2.239294365
2.128254975
1.96169589
1.832149935
1.647084285
1.36948581
0.721756035
-0.18506565
-1.017861075
-1.758123675
-2.350333755
-2.73897162
-2.92403727
-2.9610504
-2.88702414
-2.720465055
-2.572412535
-2.44286658
-2.276307495
-2.10974841
-1.758123675
-1.22143329
-0.62922321
-0.055519695
0.51818382
1.054874205
1.40649894
1.55455146
1.62857772
1.59156459
1.462018635
1.239939855
0.99935451
0.832795425
0.647729775
0.44415756
0.22207878
0.018506565
-0.14805252
-0.277598475
-0.351624735
-0.425650995
-0.499677255
-0.499677255
-0.425650995
-0.351624735
-0.277598475
-0.18506565
-0.092532825
0.018506565
0.14805252
0.351624735
0.647729775
0.99935451
1.350979245
1.647084285
1.832149935
1.88766963
1.795136805
1.647084285
1.462018635
1.25844642
1.054874205
0.88831512
0.81428886
0.721756035
0.66623634
0.55519695
0.388637865
0.129545955
-0.18506565
-0.51818382
-0.81428886
-0.99935451
-1.03636764
-0.980847945
-0.869808555
-0.684742905
-0.48117069
-0.240585345
0.018506565
0.25909191
0.499677255
0.647729775
0.721756035
0.721756035
0.70324947
0.721756035
0.721756035
0.7402626
0.7402626
0.721756035
0.70324947
0.721756035
0.7402626
0.7402626
0.758769165
0.758769165
0.721756035
0.647729775
0.573703515
0.55519695
0.59221008
0.62922321
0.66623634
0.66623634
0.647729775
0.59221008
0.536690385
0.44415756
0.351624735
0.22207878
0.092532825
-0.018506565
-0.129545955
-0.29610504
-0.51818382
-0.7402626
-0.88831512
-0.99935451
-1.1103939
-1.18442016
-1.22143329
-1.202926725
-1.054874205
-0.795782295
-0.573703515
-0.44415756
-0.33311817
-0.14805252
0.092532825
0.388637865
0.66623634
0.96234138
1.276952985
1.462018635
1.536044895
1.55455146
1.462018635
1.276952985
1.017861075
0.77727573
0.59221008
0.44415756
0.29610504
0.14805252
0
-0.14805252
-0.25909191
-0.388637865
-0.44415756
-0.44415756
-0.3701313
-0.25909191
-0.18506565
-0.18506565
-0.22207878
-0.240585345
-0.22207878
-0.092532825
0.07402626
0.29610504
0.51818382
0.684742905
0.7402626
0.66623634
0.44415756
0.14805252
-0.07402626
-0.203572215
-0.314611605
-0.314611605
-0.277598475
-0.11103939
0.18506565
0.44415756
0.66623634
0.795782295
0.81428886
0.758769165
0.62922321
0.40714443
0.092532825
-0.25909191
-0.70324947
-1.14740703
-1.573058025
-1.88766963
-2.03572215
-2.10974841
-2.128254975
-2.091241845
-2.054228715
-2.03572215
-2.03572215
-2.017215585
-1.88766963
-1.573058025
-1.165913595
-0.81428886
-0.499677255
-0.22207878
-0.018506565
0.11103939
0.18506565
0.14805252
0.092532825
0.03701313
0.018506565
0
-0.092532825
-0.203572215
-0.277598475
-0.25909191
-0.129545955
0.018506565
0.14805252
0.203572215
0.240585345
0.277598475
0.314611605
0.351624735
0.40714443
0.499677255
0.59221008
0.7402626
0.869808555
1.03636764
1.128900465
1.128900465
1.03636764
0.906821685
0.795782295
0.77727573
0.77727573
0.81428886
0.869808555
0.869808555
0.85130199
0.81428886
0.758769165
0.66623634
0.55519695
0.425650995
0.29610504
0.18506565
0.07402626
0
-0.092532825
-0.166559085
-0.25909191
-0.33311817
-0.388637865
-0.425650995
-0.44415756
-0.462664125
-0.462664125
-0.48117069
-0.55519695
-0.610716645
-0.62922321
-0.66623634
-0.647729775
-0.610716645
-0.573703515
-0.499677255
-0.40714443
-0.29610504
-0.203572215
-0.11103939
-0.07402626
-0.11103939
-0.203572215
-0.425650995
-0.647729775
-0.77727573
-0.81428886
-0.832795425
-0.81428886
-0.795782295
-0.81428886
-0.869808555
-0.832795425
-0.7402626
-0.573703515
-0.388637865
-0.203572215
0
0.203572215
0.40714443
0.59221008
0.795782295
0.96234138
1.091887335
1.165913595
1.202926725
1.18442016
1.128900465
1.054874205
0.980847945
0.906821685
0.81428886
0.7402626
0.610716645
0.44415756
0.314611605
0.240585345
0.277598475
0.44415756
0.77727573
1.091887335
1.239939855
1.239939855
1.18442016
1.1103939
1.054874205
1.03636764
1.07338077
1.128900465
1.202926725
1.239939855
1.22143329
1.165913595
1.091887335
1.017861075
0.92532825
0.7402626
0.462664125
0.18506565
-0.018506565
-0.166559085
-0.22207878
-0.240585345
-0.240585345
-0.25909191
-0.33311817
-0.388637865
-0.462664125
-0.55519695
-0.70324947
-0.869808555
-1.017861075
-1.18442016
-1.350979245
-1.425005505
-1.44351207
-1.387992375
-1.239939855
-1.054874205
-0.88831512
-0.832795425
-0.758769165
-0.70324947
-0.66623634
-0.59221008
-0.51818382
-0.48117069
-0.462664125
-0.40714443
-0.314611605
-0.240585345
-0.14805252
-0.055519695
0.03701313
0.055519695
0.03701313
-0.03701313
-0.07402626
-0.055519695
-0.055519695
-0.03701313
-0.018506565
-0.018506565
-0.03701313
-0.11103939
-0.25909191
-0.425650995
-0.647729775
-0.869808555
-0.980847945
-1.03636764
-1.03636764
-1.03636764
-0.943834815
-0.81428886
-0.66623634
-0.55519695
-0.51818382
-0.55519695
-0.610716645
-0.70324947
-0.795782295
-0.795782295
-0.70324947
-0.51818382
-0.25909191
-0.055519695
0.03701313
0.055519695
0.018506565
-0.055519695
-0.129545955
-0.14805252
-0.129545955
-0.07402626
-0.018506565
0
0.018506565
0
-0.07402626
-0.22207878
-0.425650995
-0.66623634
-0.906821685
-1.03636764
-1.1103939
-1.091887335
-1.054874205
-0.96234138
-0.869808555
-0.795782295
-0.7402626
-0.66623634
-0.55519695
-0.425650995
-0.25909191
-0.129545955
-0.018506565
0.055519695
0.07402626
0.11103939
0.11103939
0.092532825
0.055519695
0.07402626
0.092532825
0.129545955
0.166559085
0.166559085
0.055519695
-0.03701313
-0.055519695
-0.018506565
0.055519695
0.092532825
0.092532825
0.055519695
-0.07402626
-0.25909191
-0.462664125
-0.610716645
-0.70324947
-0.70324947
-0.684742905
-0.59221008
-0.462664125
-0.33311817
-0.14805252
0.07402626
0.240585345
0.314611605
0.277598475
0.129545955
-0.03701313
-0.129545955
-0.240585345
-0.314611605
-0.351624735
-0.351624735
-0.277598475
-0.18506565
-0.055519695
0.07402626
0.203572215
0.29610504
0.29610504
0.240585345
0.18506565
0.11103939
0.055519695
0.055519695
0.092532825
0.18506565
0.33311817
0.55519695
0.77727573
0.943834815
1.128900465
1.25844642
1.350979245
1.40649894
1.40649894
1.33247268
1.276952985
1.202926725
1.14740703
1.091887335
1.054874205
0.99935451
0.980847945
0.943834815
0.85130199
0.758769165
0.610716645
0.48117069
0.3701313
0.314611605
0.277598475
0.22207878
0.18506565
0.129545955
0.055519695
0
-0.055519695
-0.092532825
-0.092532825
-0.11103939
-0.092532825
-0.11103939
-0.166559085
-0.22207878
-0.25909191
-0.29610504
-0.25909191
-0.18506565
-0.055519695
0.055519695
0.11103939
0.11103939
0.11103939
0.092532825
0.129545955
0.14805252
0.18506565
0.18506565
0.129545955
0.03701313
-0.092532825
-0.166559085
-0.203572215
-0.166559085
-0.14805252
-0.07402626
-0.055519695
0
0.055519695
0.018506565
-0.055519695
-0.18506565
-0.277598475
-0.314611605
-0.277598475
-0.18506565
-0.055519695
0.03701313
0.07402626
0.055519695
-0.03701313
-0.203572215
-0.388637865
-0.48117069
-0.48117069
-0.462664125
-0.388637865
-0.29610504
-0.25909191
-0.240585345
-0.277598475
-0.29610504
-0.29610504
-0.277598475
-0.18506565
-0.055519695
0.14805252
0.3701313
0.536690385
0.647729775
0.684742905
0.647729775
0.610716645
0.55519695
0.51818382
0.573703515
0.647729775
0.70324947
0.758769165
0.77727573
0.77727573
0.77727573
0.7402626
0.684742905
0.62922321
0.573703515
0.51818382
0.40714443
0.277598475
0.129545955
0.018506565
-0.018506565
-0.018506565
0
-0.018506565
-0.018506565
-0.07402626
-0.11103939
-0.14805252
-0.11103939
-0.07402626
-0.018506565
0.092532825
0.166559085
0.25909191
0.29610504
0.29610504
0.25909191
0.14805252
0
-0.11103939
-0.22207878
-0.25909191
-0.29610504
-0.351624735
-0.425650995
-0.499677255
-0.536690385
-0.51818382
-0.462664125
-0.351624735
-0.166559085
0.055519695
0.25909191
0.40714443
0.48117069
0.51818382
0.55519695
0.536690385
0.499677255
0.425650995
0.33311817
0.18506565
0.092532825
0.018506565
-0.055519695
-0.092532825
-0.11103939
-0.129545955
-0.092532825
-0.07402626
-0.07402626
-0.092532825
-0.129545955
-0.166559085
-0.22207878
-0.25909191
-0.277598475
-0.277598475
-0.277598475
-0.25909191
-0.25909191
-0.277598475
-0.33311817
-0.351624735
-0.388637865
-0.40714443
-0.425650995
-0.44415756
-0.48117069
-0.499677255
-0.51818382
-0.536690385
-0.59221008
-0.647729775
-0.684742905
-0.70324947
-0.70324947
-0.536690385
-0.314611605
-0.11103939
0.03701313
0.129545955
0.129545955
0.092532825
0.07402626
0.07402626
0.092532825
0.129545955
0.129545955
0.11103939
0.018506565
-0.07402626
-0.129545955
-0.203572215
-0.25909191
-0.277598475
-0.314611605
-0.314611605
-0.314611605
-0.29610504
-0.29610504
-0.29610504
-0.277598475
-0.277598475
-0.240585345
-0.18506565
-0.129545955
-0.092532825
-0.07402626
-0.07402626
-0.092532825
-0.092532825
-0.092532825
-0.092532825
-0.03701313
0.03701313
0.14805252
0.25909191
0.388637865
0.44415756
0.462664125
0.462664125
0.425650995
0.33311817
0.22207878
0.11103939
0.03701313
-0.018506565
-0.055519695
-0.07402626
-0.07402626
-0.03701313
0.018506565
0.11103939
0.22207878
0.29610504
0.314611605
0.29610504
0.240585345
0.166559085
0.092532825
0.07402626
0.03701313
0
-0.018506565
-0.055519695
-0.092532825
-0.129545955
-0.166559085
-0.203572215
-0.240585345
-0.25909191
-0.25909191
-0.22207878
-0.166559085
-0.03701313
0.07402626
0.166559085
0.25909191
0.277598475
0.277598475
0.25909191
0.240585345
0.240585345
0.25909191
0.277598475
0.314611605
0.3701313
0.40714443
0.44415756
0.499677255
0.573703515
0.62922321
0.684742905
0.758769165
0.77727573
0.795782295
0.795782295
0.758769165
0.7402626
0.70324947
0.62922321
0.536690385
0.425650995
0.25909191
0.14805252
0.055519695
0.03701313
0.03701313
0.07402626
0.129545955
0.14805252
0.18506565
0.203572215
0.203572215
0.203572215
0.22207878
0.240585345
0.314611605
0.3701313
0.44415756
0.55519695
0.62922321
0.647729775
0.62922321
0.55519695
0.425650995
0.314611605
0.203572215
0.092532825
-0.018506565
-0.129545955
-0.22207878
-0.314611605
-0.351624735
-0.3701313
-0.3701313
-0.388637865
-0.40714443
-0.462664125
-0.51818382
-0.51818382
-0.48117069
-0.44415756
-0.388637865
-0.351624735
-0.351624735
-0.351624735
-0.351624735
-0.351624735
-0.33311817
-0.29610504
-0.277598475
-0.277598475
-0.277598475
-0.25909191
-0.22207878
-0.18506565
-0.11103939
-0.018506565
0.055519695
0.129545955
0.203572215
0.277598475
0.29610504
0.29610504
0.240585345
0.203572215
0.14805252
0.03701313
-0.055519695
-0.11103939
-0.166559085
-0.18506565
-0.18506565
-0.18506565
-0.14805252
-0.07402626
-0.018506565
0.018506565
0.03701313
0.055519695
0.018506565
-0.03701313
-0.092532825
-0.203572215
-0.29610504
-0.351624735
-0.425650995
-0.499677255
-0.573703515
-0.610716645
-0.62922321
-0.647729775
-0.610716645
-0.573703515
-0.499677255
-0.48117069
-0.48117069
-0.48117069
-0.499677255
-0.536690385
-0.573703515
-0.59221008
-0.62922321
-0.647729775
-0.66623634
-0.610716645
-0.573703515
-0.51818382
-0.462664125
-0.425650995
-0.33311817
-0.240585345
-0.129545955
-0.03701313
0.03701313
0.11103939
0.14805252
0.166559085
0.129545955
0.092532825
0.055519695
0.03701313
0.03701313
0.03701313
0.03701313
0.03701313
0
-0.03701313
-0.092532825
-0.166559085
-0.240585345
-0.29610504
-0.33311817
-0.33311817
-0.3701313
-0.388637865
-0.388637865
-0.3701313
-0.3701313
-0.314611605
-0.29610504
-0.29610504
-0.29610504
-0.29610504
-0.25909191
-0.203572215
-0.166559085
-0.129545955
-0.055519695
-0.018506565
0
0.055519695
0.092532825
0.129545955
0.166559085
0.18506565
0.18506565
0.166559085
0.203572215
0.240585345
0.277598475
0.314611605
0.314611605
0.25909191
0.18506565
0.07402626
-0.055519695
-0.11103939
-0.129545955
-0.11103939
-0.055519695
0.018506565
0.092532825
0.129545955
0.129545955
0.129545955
0.129545955
0.11103939
0.11103939
0.129545955
0.18506565
0.22207878
0.25909191
0.33311817
0.3701313
0.40714443
0.388637865
0.351624735
0.29610504
0.203572215
0.092532825
0.018506565
0
0.018506565
0.03701313
0.07402626
0.11103939
0.14805252
0.203572215
0.22207878
0.25909191
0.240585345
0.166559085
0.03701313
-0.11103939
-0.22207878
-0.33311817
-0.425650995
-0.48117069
-0.48117069
-0.499677255
-0.51818382
-0.499677255
-0.462664125
-0.40714443
-0.351624735
-0.314611605
-0.25909191
-0.240585345
-0.22207878
-0.18506565
-0.14805252
-0.14805252
-0.129545955
-0.055519695
0.03701313
0.166559085
0.314611605
0.40714443
0.425650995
0.425650995
0.425650995
0.351624735
0.314611605
0.29610504
0.22207878
0.129545955
0.055519695
-0.018506565
-0.092532825
-0.129545955
-0.14805252
-0.166559085
-0.129545955
-0.092532825
-0.055519695
-0.03701313
0
0.03701313
0.07402626
0.129545955
0.14805252
0.129545955
0.092532825
0.055519695
0.03701313
0.03701313
0.07402626
0.092532825
0.11103939
0.14805252
0.166559085
0.166559085
0.166559085
0.166559085
0.166559085
0.166559085
0.166559085
0.166559085
0.166559085
0.166559085
0.14805252
0.129545955
0.092532825
0.07402626
0.055519695
0.018506565
-0.03701313
-0.11103939
-0.14805252
-0.18506565
-0.203572215
-0.203572215
-0.14805252
-0.07402626
0
0.129545955
0.203572215
0.277598475
0.351624735
0.40714443
0.48117069
0.51818382
0.51818382
0.51818382
0.51818382
0.51818382
0.51818382
0.499677255
0.499677255
0.51818382
0.51818382
0.51818382
0.51818382
0.499677255
0.499677255
0.499677255
0.48117069
0.44415756
0.40714443
0.351624735
0.277598475
0.22207878
0.203572215
0.18506565
0.18506565
0.22207878
0.240585345
0.29610504
0.3701313
0.3701313
0.388637865
0.388637865
0.3701313
0.33311817
0.33311817
0.314611605
0.25909191
0.203572215
0.14805252
0.092532825
0.018506565
-0.055519695
-0.129545955
-0.203572215
-0.277598475
-0.314611605
-0.351624735
-0.388637865
-0.388637865
-0.388637865
-0.388637865
-0.388637865
-0.425650995
-0.44415756
-0.462664125
-0.48117069
-0.499677255
-0.499677255
-0.499677255
-0.48117069
-0.462664125
-0.462664125
-0.44415756
-0.44415756
-0.425650995
-0.388637865
-0.3701313
-0.351624735
-0.29610504
-0.240585345
-0.22207878
-0.22207878
-0.240585345
-0.277598475
-0.25909191
-0.240585345
-0.18506565
-0.14805252
-0.03701313
0.055519695
0.11103939
0.14805252
0.18506565
0.22207878
0.240585345
0.240585345
0.22207878
0.25909191
0.277598475
0.240585345
0.203572215
0.203572215
0.18506565
0.203572215
0.22207878
0.22207878
0.203572215
0.203572215
0.18506565
0.129545955
0.055519695
0.018506565
-0.018506565
-0.055519695
-0.07402626
-0.07402626
-0.11103939
-0.129545955
-0.14805252
-0.166559085
-0.14805252
-0.14805252
-0.129545955
-0.14805252
-0.14805252
-0.18506565
-0.18506565
-0.203572215
-0.22207878
-0.203572215
-0.203572215
-0.203572215
-0.18506565
-0.203572215
-0.203572215
-0.203572215
-0.203572215
-0.203572215
-0.166559085
-0.11103939
-0.03701313
0.03701313
0.11103939
0.129545955
0.14805252
0.166559085
0.14805252
0.166559085
0.166559085
0.14805252
0.11103939
0.07402626
0.018506565
-0.018506565
-0.055519695
-0.055519695
-0.07402626
-0.07402626
-0.07402626
-0.07402626
-0.07402626
-0.055519695
-0.03701313
-0.03701313
0
0
0
0
-0.018506565
-0.055519695
-0.07402626
-0.092532825
-0.129545955
-0.129545955
-0.129545955
-0.11103939
-0.092532825
-0.055519695
-0.018506565
0
0.03701313
0.055519695
0.055519695
0.055519695
0.055519695
0.055519695
0.055519695
0.055519695
0.055519695
0.03701313
0.03701313
0.018506565
0
0
0
-0.018506565
0
0
0.018506565
0.03701313
0.03701313
0.03701313
0.03701313
0.03701313
0.03701313
0.03701313
0.03701313
0.018506565
0.018506565
0.018506565
0.018506565
0.018506565
0.018506565
0.018506565
0.018506565
0.018506565
0.018506565
0.018506565
0.018506565
0.018506565
0.018506565
0.018506565
0.018506565
0.018506565
0.018506565
0.018506565
0
0
0
0
0
0
0
0
0
0
0
0
0
0
0
0
0
0
-0.018506565
-0.018506565
-0.018506565
-0.018506565
-0.018506565
-0.018506565
-0.018506565
-0.018506565
-0.018506565
-0.018506565
-0.018506565
-0.018506565
-0.018506565
-0.018506565
-0.018506565
-0.018506565
-0.018506565
-0.018506565
-0.018506565
-0.018506565
-0.018506565
-0.018506565
-0.018506565
-0.018506565
-0.018506565
-0.018506565
-0.018506565
-0.018506565
-0.018506565
-0.018506565
-0.018506565
-0.018506565
-0.018506565
-0.018506565
-0.018506565
-0.018506565
-0.018506565
-0.018506565
-0.018506565
-0.018506565
-0.018506565
-0.018506565
-0.018506565
0
